1 50001           20  1.00000000 0.00000361 00000 0   43423-4 1    13
2 50001  51.7003 299.2578   12251 361.7625 138.0607 14.82081000 70003
1 50201           20  1.00000000 0.00000348 00000 0   38890-4 1    12
2 50201  51.7373 159.5273    4804  23.1408 132.6059 14.80444889 70061
1 50401           20  1.00000000 0.00000347 00000 0   30941-4 1    12
2 50401  51.6859 293.1048   10661 299.1361 135.3981 14.80215942 70067
1 50601           20  1.00000000 0.00000335 00000 0   49151-4 1    14
2 50601  51.6934 110.5021    2046   1.8750  22.5763 14.82672282 69995
1 50801           20  1.00000000 0.00000366 00000 0   40123-4 1    10
2 50801  51.7094   7.6254    4522 116.5138  43.3639 14.80077734 70077
1 51001           20  1.00000000 0.00000354 00000 0   37410-4 1    15
2 51001  51.7205 280.7079     666 338.6898 298.1865 14.85123161 69911
1 51201           20  1.00000000 0.00000331 00000 0   38509-4 1    12
2 51201  51.7395 106.0777   14790 196.8203 267.5423 14.78617952 70117
1 51401           20  1.00000000 0.00000329 00000 0   33252-4 1    11
2 51401  51.7209 235.7634   15346 187.8901 281.6531 14.78761750 70111
1 51601           20  1.00000000 0.00000356 00000 0   49307-4 1    11
2 51601  51.6600 272.0459   18271 151.0016 169.3802 14.79057941 70109
1 51801           20  1.00000000 0.00000370 00000 0   47908-4 1    14
2 51801  94.2198  24.3983    3784 311.7650  25.6295 14.82958262 69982
1 52001           20  1.00000000 0.00000355 00000 0   38118-4 1    13
2 52001  94.6809 140.7746    6269 243.5093  53.3513 14.83747118 69957
1 52201           20  1.00000000 0.00000364 00000 0   45063-4 1    12
2 52201  63.7207  36.1682    2941  57.8731  25.2021 14.78329657 70124
1 52401           20  1.00000000 0.00000340 00000 0   40785-4 1    14
2 52401  46.1879 248.1512    6215 219.6326  35.3579 14.78073078 70133
1 52601           20  1.00000000 0.00000336 00000 0   42749-4 1    13
2 52601  45.6421  92.3341    5276 147.0022 241.5102 14.82468535 69990
1 52801           20  1.00000000 0.00000362 00000 0   47784-4 1    18
2 52801 116.7215  24.7380    1547 307.4163   8.3302 14.84593179 69929
1 53001           20  1.00000000 0.00000361 00000 0   43423-4 1    16
2 53001 100.3086 258.0491   35073 112.7859 138.0607 14.35005497 71538
1 53201           20  1.00000000 0.00000348 00000 0   38890-4 1    15
2 53201 100.3318 258.0171   35201 108.4750 132.6059 14.34695184 71547
1 53401           20  1.00000000 0.00000347 00000 0   30941-4 1    15
2 53401 100.2643 258.0248   35812 110.7589 135.3981 14.34651724 71544
1 53601           20  1.00000000 0.00000335 00000 0   49151-4 1    17
2 53601  98.1395 185.0662  104233 207.5903  22.5763 14.52061332 70974
1 53801           20  1.00000000 0.00000366 00000 0   40123-4 1    13
2 53801  98.1551 185.0392  103108 206.8846  43.3639 14.51559568 70984
1 54001           20  1.00000000 0.00000354 00000 0   37410-4 1    18
2 54001  98.0010 180.7337   31151 229.4463 298.1865 14.77063844 70167
1 54201           20  1.00000000 0.00000331 00000 0   38509-4 1    15
2 54201  98.0170 180.7774   31523 225.5970 267.5423 14.75770767 70206
1 54401           20  1.00000000 0.00000329 00000 0   33252-4 1    14
2 54401  98.0052 180.7078   31103 226.6758 281.6531 14.75799433 70202
1 54601           20  1.00000000 0.00000356 00000 0   49307-4 1    14
2 54601  40.5300  49.3630    6348 191.0335 169.3802 14.79057941 70102
1 54801           20  1.00000000 0.00000370 00000 0   47908-4 1    17
2 54801  40.5838  49.3650    6340 189.2291  25.6295 14.82958262 69988
1 55001           20  1.00000000 0.00000355 00000 0   38118-4 1    16
2 55001  97.7394  39.0711  699124 184.0972  53.3513 13.42727536 74770
1 55201           20  1.00000000 0.00000364 00000 0   45063-4 1    15
2 55201  97.7825  39.0652  699592 184.3188  25.2021 13.41807903 74808
1 55401           20  1.00000000 0.00000340 00000 0   40785-4 1    17
2 55401  97.7554  39.1285  714871 187.7109  35.3579 13.41764234 74809
1 55601           20  1.00000000 0.00000336 00000 0   42749-4 1    16
2 55601  97.9029  65.5760  582798 194.4923 241.5102 13.61390848 74082
1 55801           20  1.00000000 0.00000362 00000 0   47784-4 1    11
2 55801  97.9780  65.6213  584733 193.6782   8.3302 13.61759167 74070
1 56001           20  1.00000000 0.00000363 00000 0   35949-4 1    15
2 56001  97.4236 274.1450   98948  24.6042 348.6755 14.79204441 70094
1 56201           20  1.00000000 0.00000347 00000 0   40915-4 1    18
2 56201  97.4813 274.1167   98025  24.8961 273.9371 14.78141665 70136
1 56401           20  1.00000000 0.00000364 00000 0   43557-4 1    14
2 56401  97.4338 274.1305   97525  28.7531  70.9909 14.79067912 70106
1 56601           20  1.00000000 0.00000359 00000 0   38778-4 1    19
2 56601  97.5424 235.1593   24527 263.9447 347.1612 14.81733977 70016
1 56801           20  1.00000000 0.00000362 00000 0   45978-4 1    15
2 56801  97.5671 235.1010   24688 264.7452  21.6988 14.84609415 69929
1 57001           20  1.00000000 0.00000373 00000 0   37107-4 1    15
2 57001  97.5942 108.5824   15393  88.0498 193.9211 14.84252287 69944
1 57201           20  1.00000000 0.00000344 00000 0   49105-4 1    16
2 57201  97.5278 108.5897   15422  88.9637  24.5678 14.77888288 70143
1 57401           20  1.00000000 0.00000348 00000 0   39117-4 1    14
2 57401  97.5523 108.5844   15313  90.4836 225.4567 14.82369572 69994
1 57601           20  1.00000000 0.00000327 00000 0   42396-4 1    16
2 57601  97.5222 236.5634   11149 245.1657 358.4370 14.79989248 70078
1 57801           20  1.00000000 0.00000333 00000 0   48350-4 1    11
2 57801  97.4879 236.5485   10730 241.7452 296.7895 14.81945100 70013
1 58001           20  1.00000000 0.00000369 00000 0   40068-4 1    11
2 58001  97.4398 105.3700    3024  89.2302 202.7645 14.84650571 69928
1 58201           20  1.00000000 0.00000329 00000 0   37571-4 1    14
2 58201  97.4543 105.4162    3116  88.4023 137.8131 14.78421554 70120
1 58401           20  1.00000000 0.00000345 00000 0   43658-4 1    17
2 58401  97.4800 105.3794    2994  90.2181 117.4138 14.79241183 70093
1 58601           20  1.00000000 0.00000367 00000 0   47236-4 1    19
2 58601  47.3715  60.1944   18447 222.6581  47.3327 14.80846575 70048
1 58801           20  1.00000000 0.00000354 00000 0   41564-4 1    15
2 58801  47.3875  60.1904   18483 218.3841 125.9975 14.79322191 70092
1 59001           20  1.00000000 0.00000368 00000 0   40703-4 1    17
2 59001 117.3060  75.3534   43674  61.4127  89.4864 14.82410396 69997
1 59201           20  1.00000000 0.00000348 00000 0   39853-4 1    11
2 59201 117.2289  75.3673   42363  61.4544 170.2745 14.84765008 69927
1 59401           20  1.00000000 0.00000345 00000 0   30272-4 1    16
2 59401 117.3109  75.2963   43672  62.2944  91.6335 14.78667134 70117
1 59601           20  1.00000000 0.00000337 00000 0   43760-4 1    15
2 59601  67.5282 302.8686    3846  81.2297 343.0047 14.85003779 69916
1 59801           20  1.00000000 0.00000354 00000 0   36956-4 1    15
2 59801  67.5576 302.7973    3906  81.1220  33.5430 14.83419442 69962
